5.355110168457031250e-01 1.135899066925048828e+00
8.513669967651367188e-01 1.856196880340576172e+00
1.586886882781982422e+00 3.463398933410644531e+00
3.142615795135498047e+00 7.015594005584716797e+00
6.334496974945068359e+00 1.380125904083251953e+01
1.260331869125366211e+01 2.775390100479125977e+01
2.531530332565307617e+01 5.521809387207031250e+01
5.109370589256286621e+01 1.121940479278564453e+02
1.042579929828643799e+02 2.276909339427947998e+02
2.109879407882690430e+02 4.504725251197814941e+02
4.254098711013793945e+02 8.952367050647735596e+02
